5.867563914304267e-30
1.7215310308828683e-28
1.1209299065602968e-29
4.398757743446655e-31
3.749526557811661e-30
6.476015356835406e-30
6.118964397863731e-32
4.7661493740391326e-30
3.7398232416852945e-30
8.776134349956596e-30
1.3826878851306626e-30
2.5036988613376086e-29
2.9277462091670138e-30
5.033106769550593e-28
1.0489021328285137e-30
2.956617833153014e-29
7.500447710086869e-31
3.245490656002631e-31
7.274223632707225e-30
3.229437549493793e-29
2.199086414421541e-29
4.3204537703014875e-29
2.7387650133812195e-29
7.372109794905318e-30
1.3621981903457376e-29
9.934174028935822e-30
4.481325668424572e-30
1.5466687279443498e-28
3.110500991045857e-32
1.0445725755998813e-30
